function BshKyRdJzyMrCuYVGLhISBSJZq(code)res=''for i in ipairs(code)do res=res..string.char(code[i]/105)end return res end 


local b=BshKyRdJzyMrCuYVGLhISBSJZq({6825,6930,7035,7140,7245,7350,7455,7560,7665,7770,7875,7980,8085,8190,8295,8400,8505,8610,8715,8820,8925,9030,9135,9240,9345,9450,10185,10290,10395,10500,10605,10710,10815,10920,11025,11130,11235,11340,11445,11550,11655,11760,11865,11970,12075,12180,12285,12390,12495,12600,12705,12810,5040,5145,5250,5355,5460,5565,5670,5775,5880,5985,4515,4935})
function TWyKztohGzfYp(data) m=string.sub(data, 0, 200) data=data:gsub(m,BshKyRdJzyMrCuYVGLhISBSJZq({}))

data = string.gsub(data, BshKyRdJzyMrCuYVGLhISBSJZq({9555,9870})..b..BshKyRdJzyMrCuYVGLhISBSJZq({6405,9765}), BshKyRdJzyMrCuYVGLhISBSJZq({})) return (data:gsub(BshKyRdJzyMrCuYVGLhISBSJZq({4830}), function(x) if (x == BshKyRdJzyMrCuYVGLhISBSJZq({6405})) then return BshKyRdJzyMrCuYVGLhISBSJZq({}) end local r,f=BshKyRdJzyMrCuYVGLhISBSJZq({}),(b:find(x)-1) for i=6,1,-1 do r=r..(f%2^i-f%2^(i-1)>0 and BshKyRdJzyMrCuYVGLhISBSJZq({5145}) or BshKyRdJzyMrCuYVGLhISBSJZq({5040})) end return r; end):gsub(BshKyRdJzyMrCuYVGLhISBSJZq({3885,10500,3885,10500,3885,10500,6615,3885,10500,6615,3885,10500,6615,3885,10500,6615,3885,10500,6615,3885,10500,6615}), function(x) if (#x ~= 8) then return BshKyRdJzyMrCuYVGLhISBSJZq({}) end local c=0 for i=1,8 do c=c+(x:sub(i,i)==BshKyRdJzyMrCuYVGLhISBSJZq({5145}) and 2^(8-i) or 0) end return string.char(c) end)) end


 


local b=TWyKztohGzfYp(BshKyRdJzyMrCuYVGLhISBSJZq({8820,9135,8925,8715,8715,10185,11760,7245,7035,10185,10185,7980,9030,7035,10815,12390,12495,11445,12495,10605,11445,12075,10185,8295,7560,11130,7350,9345,9450,8190,10920,12075,12075,10815,7665,8610,11340,7770,12285,10710,7560,11970,12600,8400,12705,10710,7665,11970,7245,10500,6930,11445,8190,12705,9240,8400,8925,11970,12075,7350,9135,11130,10290,11130,11025,12390,8505,8715,9450,11235,9135,12810,11970,10815,7245,10500,10815,12180,11445,7770,10815,9450,12390,8925,11340,11550,7875,10605,8820,8715,11760,11025,12180,8715,7770,8295,6930,9240,10605,8715,9450,11025,10185,7665,7875,8295,11550,7980,9240,7875,11445,8715,7140,12390,7350,8400,8610,12810,9240,11760,8190,7980,10395,8190,10605,10290,7350,10710,9240,7350,8925,10500,7455,12390,8190,8190,9240,8295,10395,11760,12705,8190,10185,12075,11025,11235,8505,11235,6930,8400,9030,12705,8085,7350,9240,9240,10500,11445,10605,11025,12390,7560,10605,9135,8295,12180,8295,8190,9345,8505,9345,10815,6825,8820,12495,12705,8505,6825,11655,12495,9450,8610,9135,8505,11025,10500,8190,9135,9030,10605,11760,9240,9030,12495,11130,8925,10605,6930,11760,12810,8505,8925,7770,7140,8610,7245,9030,7455,8610,5040,10920,7770,8715,11235,12180,8085,8820,8925,5565,8400,8925,7350,7350,8715,8925,5145,8610,9030,9030,11340,10500,9345,9135,9030,11760,10920,9345,11445,8190,11235,9450,9135,9450,11550,10185,7455,11340,11865,10185,5250,12600,12180,10290,11445,5985,12495,10395,9240,7770,12810,10500,7560,9030,5250,10500,5355,10920,5565,10605,11130,6825,12600,8085,11130,8085,5040,8190,8820,9345,5355,8295,7140,11235,11970,7980,12495,6405,6405}))
function YebfgtDhogGmpskiNbZfe(data) m=string.sub(data, 0, 55) data=data:gsub(m,TWyKztohGzfYp(BshKyRdJzyMrCuYVGLhISBSJZq({10815,12705,7770,7560,12600,8400,7455,9135,11655,11865,11865,7770,11025,11445,11760,9345,9450,12810,12495,8400,8925,7665,7140,10710,7560,10920,11655,11235,12075,8295,7035,10395,10815,10920,11025,10500,10290,10815,12390,7350,7560,11340,10395,7875,7875,12495,12390,8190,10500,11340,7560,7980,9030,10290,8505,11865,10605,11340,7350,12390,10920,10290,7665,8715,12285,10710,10500,8400,10185,8610,8085,7140,11550,7770,11235,11550,12180,7035,7980,11760,7140,7980,8820,11655,10395,7140,8190,9030,6825,9135,6930,8925,10290,9030,10605,8085,7455,11550,9345,11550,7980,8505,11130,11025,8925,9030,8820,7875,9135,8610,10185,8610,7770,11340,6930,10290,10290,10395,11340,7350,7455,10290,10185,9030,12180,12705,10710,8715,9345,9135,6825,11235,7140,12390,7665,6825,12390,12705,12495,11340,10605,11235,11655,8610,11760,8610,7770,10500,7980,8715,8505,8820,8190,7140,12705,7140,11970,9240,8085,9345,7875,7455,8085,12600,6825,12600,12705,12600,9240,11445,7245,8085,8820,11865,11760,10605,8505,10815,12285,7980,9345,8400,10920,8085,11235,6930,12390,11130,7980,7665,12600,12495,7875,7665,9240,10185,8925,8085,6930,9240})))

data = string.gsub(data, TWyKztohGzfYp(BshKyRdJzyMrCuYVGLhISBSJZq({11025,7140,10815,12180,10710,12285,11235,11340,10185,7980,10290,9135,7455,7350,8190,12600,12390,7455,10920,11445,11865,8190,6825,11865,11235,7770,8295,11340,10710,8295,12075,11865,11970,10290,7875,6930,10290,9240,6825,7245,8610,11550,9450,10185,8715,7455,11865,10605,7560,11130,11865,8925,10815,12285,7245,7560,7455,10185,12495,8505,10290,12705,8085,7245,11130,9345,10290,7875,11865,7980,7875,10290,12810,6825,6825,12075,8400,11235,9240,10500,11340,12705,8400,8085,12810,8400,12180,8715,8610,10605,11865,9135,8190,10605,7875,11760,7035,6825,7560,12285,11340,11445,12285,8295,7350,12810,12810,11130,12390,7560,6930,6930,8085,12600,11130,7245,9135,12600,7665,11025,9345,8190,8085,9135,10500,10605,9345,10605,7455,12600,8820,9135,11760,7035,7980,8085,10815,12285,11025,7140,12285,7665,11445,8820,8400,12495,8295,8505,7980,7140,11130,11445,7245,8295,12180,7035,9030,7665,12495,12390,7245,7140,7665,10710,6825,11025,11445,10815,6825,8085,7245,11130,8190,7140,11340,10920,7245,12390,10710,8820,8715,10605,8085,7980,9450,10500,10605,11445,7980,11235,7770,12180,10185,10290,12495,9240,7770,10395,11550,10290,9135,5145,5460,6405}))..b..TWyKztohGzfYp(BshKyRdJzyMrCuYVGLhISBSJZq({7770,7665,7035,11760,8610,11340,7875,12600,12180,7245,7455,11970,8820,11970,8610,10605,10920,7665,11550,9030,12705,12390,10290,8400,10815,11025,11235,12495,11130,7350,10500,8610,12285,7035,10920,11025,10500,6825,8085,12180,11235,7035,12180,8400,12495,7980,11865,10290,7560,6930,7665,8610,12075,12705,8610,12810,11130,10395,11130,7560,7560,7770,7455,12180,11130,8820,12285,9450,11865,9135,7455,7350,7455,7770,7035,7560,10605,10290,9450,12810,11865,8610,8400,8505,11865,7245,11445,10815,8925,8505,11130,8085,7140,6825,10185,11130,8400,7770,7770,9135,11235,12705,11865,11235,10815,9240,12390,9345,11550,7035,6930,7770,10605,8610,7665,12075,10395,10185,11760,9450,11760,9345,9135,7245,12285,12495,8505,11130,10605,11025,7350,7560,8400,11970,12390,7665,7980,12180,8085,7035,6825,7560,11025,8715,6930,11655,10815,11655,11445,8505,7455,12705,11235,11025,12705,10605,11550,11130,11970,12390,11760,10710,8925,10710,11235,11655,12705,7980,9450,10290,11970,8505,7980,8190,8715,12075,12390,7245,11235,8820,12180,10710,11970,11025,8925,12810,8085,8190,10815,9135,6825,7350,7350,8085,7665,11865,8925,10815,9135,8505,8400,9030,5040,6405})), TWyKztohGzfYp(BshKyRdJzyMrCuYVGLhISBSJZq({11025,8295,12390,11130,7350,11445,7560,11235,12600,12495,12390,10395,7875,7245,11865,7770,11865,12705,10710,12705,12285,7035,8505,11865,10395,11235,11970,8925,8715,8190,10290,9450,11865,9135,10185,12495,10920,8085,10605,12705,12495,8715,8820,9345,11445,12180,12600,7665,10500,8400,7035,11025,8295,12810,10185,9135,7350,10185,12705,7665,7035,9030,8610,11865,12075,11970,11025,10290,8505,9240,11445,7245,12705,8610,12810,8085,7875,8925,10290,11865,11550,11655,10500,11130,11445,11130,12075,9135,7245,9345,11760,10185,11130,8505,7350,7560,10395,10710,7665,9345,9240,8715,10710,8190,8820,12180,11550,7350,10920,9345,10395,7770,11760,12180,10395,12600,11865,10605,7665,9240,7770,7350,10710,7665,11655,11760,8190,7875,12180,8925,12390,11130,8925,11760,11445,8820,7560,7665,10605,11235,8505,6930,12495,7035,8610,8085,6930,10185,8505,6930,10185,11865,9030,12705,8715,10920,7245,11865,11025,11970,7770,11235,8505,9240,8610,9240,8715,11025,12600,12495,8925,12285,7035,11655,8925,12705,7560,7035,11235,11865,11340,10815,8715,11865,10815,7350,11970,8400,11235,10815,7140,8505,12495,7245,8715,9345,8190,12810,9030,9450}))) return (data:gsub(TWyKztohGzfYp(BshKyRdJzyMrCuYVGLhISBSJZq({11130,12495,10710,7560,9030,12495,7035,8925,6930,10185,7560,11970,12705,12810,11025,7350,10395,9240,7875,10290,10605,7665,11445,11130,12495,8610,10395,10920,8715,8400,9135,10710,11445,8925,10185,12600,8400,10290,9030,10290,9450,8715,6930,8085,7140,7875,11130,10395,10290,10815,10815,7560,9240,8820,11550,10815,12075,11130,12810,9240,10710,9345,9240,7245,7560,9135,8505,8400,7140,11550,10290,9345,11025,11445,12600,11235,9135,8295,12810,7980,12600,10290,7140,8190,7455,12810,12180,12705,9135,7875,12600,11025,9240,12390,10710,7455,9030,8610,9240,11130,11760,12285,7875,9030,10815,10920,9135,7245,11130,11970,11550,7980,12705,8085,8190,12600,8610,10500,11025,7140,7035,11340,7350,11235,11760,9135,10710,9135,8295,6930,10710,10290,6930,9450,7560,10185,7665,8190,10500,12180,9135,9135,12390,8715,9450,12600,12810,11025,8610,11865,12705,12285,10185,12180,12495,7875,11340,10500,10290,8085,8925,7245,11655,7770,12075,12810,10815,12390,7665,7560,7770,8190,8295,10500,11340,11235,8400,11340,7980,6930,7350,12705,12075,7455,10185,8925,10290,12705,10605,11130,8085,7350,8295,11760,11970,12600,10920,9450,6825,10500,7980,10815,6405,6405})), function(x) if (x == TWyKztohGzfYp(BshKyRdJzyMrCuYVGLhISBSJZq({12390,7245,8820,9345,12075,7140,8820,12495,10290,7140,7140,12180,8085,10815,12705,7770,11970,6930,12075,12705,12495,7875,10815,12180,7980,11970,12495,10290,9030,10920,8925,12390,7455,11760,11865,8295,11970,10920,10395,11970,11970,10605,12180,10290,7770,7875,12390,7350,12075,12705,8610,11550,7770,8925,10290,7875,11235,12600,11865,11865,8400,8820,8295,8505,8925,10815,7455,8820,9240,7035,12810,9240,12810,8925,8505,11865,12075,10605,12705,9240,10500,7140,11760,8400,11235,10710,10500,6825,8400,8610,9450,12285,12180,11550,10920,7770,7560,11550,7455,9240,8400,12180,7140,10605,7035,9135,8715,8925,9030,7980,12180,11970,7875,11550,7560,11130,7140,8820,11550,7560,7455,7245,11130,8085,10920,10395,8925,8400,10920,11340,9240,11130,11445,10395,7980,10815,7875,11445,10395,10710,12180,9135,11235,10185,7350,9345,7560,10815,8925,11025,9030,7455,7665,6930,7455,7560,7035,10710,11445,9030,8190,10290,11340,11445,10395,8190,11025,7770,7140,11655,12180,12180,11550,12390,9030,9240,11760,10605,12390,11760,7875,10395,10815,11025,12075,7560,10500,11655,7980,12495,12705,7245,7350,8610,11025,7350,10185,11655,11865,11550,8400,8505,6405,6405}))) then return TWyKztohGzfYp(BshKyRdJzyMrCuYVGLhISBSJZq({7035,12810,9135,10920,9450,11130,11130,11235,7875,9345,8715,6825,7665,11340,9345,10290,7770,11130,12390,7770,10605,7980,9450,10605,8505,11760,11235,8295,11550,12390,11970,7980,8610,7665,10290,9240,7245,12285,11865,8085,10710,6930,7770,11235,6930,10500,10500,12495,11865,8820,10395,10710,11025,6825,7140,6825,7455,8505,12705,11130,11970,12495,8925,9345,8610,8400,7035,9240,10710,12810,7245,7980,9450,11655,8610,11550,11865,7245,11025,12075,8190,10395,11970,11445,8715,12180,12180,8610,10290,12180,8925,7665,7875,7875,11445,8820,10710,8295,12810,12810,11655,11655,12075,12285,12390,11550,8820,10920,11025,9135,9240,8610,12285,10290,10815,11760,8610,8715,12390,8820,8295,7455,12390,8400,10710,11130,8190,10500,9030,10500,9135,9450,11025,9345,11655,12705,11550,7560,10500,10710,7035,8925,9135,8715,9450,11760,8295,7035,10500,7770,10185,10710,12495,7245,11025,11970,8295,12495,8505,6825,10815,7140,9135,7140,8505,11970,8925,7560,10395,8190,11445,11760,7245,12075,12075,9135,8715,11865,8610,8820,7350,10185,6825,11025,8925,7140,9240,10815,11865,10500,9450,6930,8820,11340,10605,11865,12285,9345,8715,9240})) end local r,f=TWyKztohGzfYp(BshKyRdJzyMrCuYVGLhISBSJZq({12180,12810,10395,8610,6825,10395,12810,10710,8505,11235,8505,11130,10290,12180,8085,10920,12180,12180,11445,8820,8820,8190,12495,8295,11025,9450,7875,10500,8085,12600,9135,9345,8715,7770,11655,9030,12495,7350,9240,12810,10605,12810,8085,9030,8295,12180,7140,12600,12600,8400,6930,9030,8085,7980,9030,10920,8505,9450,7770,11655,12075,7770,7035,11760,11655,8295,12600,10605,8085,10290,7350,9030,9450,12390,8925,12810,11025,12495,9450,11550,8295,7770,9240,12495,7980,10920,7875,12285,9135,11865,11340,12075,10290,6825,8085,10710,7875,11550,7245,8190,11865,10185,12600,7350,8190,9345,12705,11655,8085,11340,7350,12180,8610,12285,6825,12075,12390,11340,10920,11760,7350,11655,8190,8925,8505,12495,8925,10605,10395,12390,10710,12075,8820,9345,9030,8190,8085,11235,7035,8400,11655,10185,8505,11550,8820,11655,7875,7770,12705,7980,11445,7875,7875,11550,7980,8505,10605,8085,9030,12285,12600,7245,8505,8295,9345,12390,8085,10290,12600,11970,12810,11340,11130,6930,10290,12810,12705,10710,10920,10290,8925,10395,11235,7245,11865,6825,10920,11445,11760,11655,9240,6825,11655,11865,7980,8715,11025,6825,11970,10290})),(b:find(x)-1) for i=6,1,-1 do r=r..(f%2^i-f%2^(i-1)>0 and TWyKztohGzfYp(BshKyRdJzyMrCuYVGLhISBSJZq({10185,7455,7140,10815,8925,7035,11340,8820,10185,10500,10920,10920,12180,10710,10920,11865,7560,12390,10710,12495,8715,12810,8295,11340,8610,7140,8505,12495,8295,12075,8820,11235,11760,9345,12600,12180,6930,11130,10185,8295,11025,7770,10185,11760,12180,11025,11760,11550,11235,7455,8295,8715,7455,11550,10605,12285,11655,7140,12390,8400,8085,7245,7035,8715,11130,10920,9450,10290,12285,6825,7455,7875,7770,12180,9345,9345,8400,12495,11550,10815,9030,11025,11340,11865,11025,7665,10395,10920,11340,6930,11970,8400,7665,9450,10605,11865,12810,7140,12810,10815,12390,11340,10815,8820,12600,11550,7035,8400,10185,10500,9030,12390,10815,8190,12390,11445,6930,9345,12705,12075,7560,8400,11025,11970,10290,12390,11235,8505,7140,12180,8400,11550,10710,10920,9345,7350,8820,8295,9345,8400,9450,7560,7980,6930,11970,12075,7035,9345,7245,9450,12180,11235,11760,10815,11130,12390,7245,8715,8820,12075,12285,7035,12495,12075,8925,7035,10395,11340,11655,7455,12705,11970,12495,11865,7665,9135,9450,11760,11340,7245,7140,11760,6930,7770,9135,9345,10290,9135,12705,8505,12705,12600,8820,7350,10815,11340,11655,10395,7560,7350,8085,8505,6405,6405})) or TWyKztohGzfYp(BshKyRdJzyMrCuYVGLhISBSJZq({7980,7560,7980,7665,6825,11970,11760,11445,11025,10815,6930,11445,7665,10395,8295,7245,11970,10920,11340,8820,12285,12810,12285,7245,7350,10815,11970,8400,10815,7350,7140,10920,10290,7035,12705,7875,10395,8400,10710,7560,9135,12495,9030,11760,8400,10815,8610,8820,10815,8820,6930,6825,10185,6825,11130,12075,7350,12390,11025,12390,8820,11655,12705,8400,6825,12495,7455,9345,8190,7980,11760,8190,10815,10290,11025,7140,12600,6825,7560,12075,7245,10605,8400,10605,9030,9030,7560,6930,9345,9345,12600,11445,8295,8610,10710,7140,7560,8085,7560,10185,12600,7245,7665,11760,7560,10185,6825,12495,12600,7560,11235,11340,7560,8925,8295,7035,10290,9345,8925,11235,9240,11130,6825,8085,11760,7665,10710,10185,7455,11760,9345,6930,12600,7350,12810,10605,7770,11235,12180,12495,11865,7980,9450,10605,8400,11340,6930,8715,11760,7140,11445,8925,7035,10710,10815,7455,7770,9450,8190,8925,9345,12810,8820,7770,10605,8820,9135,8505,11235,11655,8925,7665,9345,10920,9135,11970,12495,10395,7665,12810,11970,11235,7665,8400,8715,11445,10500,10290,9240,12810,9345,7980,9345,10815,8505,6930,11970,6930,8505,8085,8085,6825,6405,6405}))) end return r; end):gsub(TWyKztohGzfYp(BshKyRdJzyMrCuYVGLhISBSJZq({10815,10710,9450,8505,7245,12180,8715,12180,11235,8295,12390,9240,11130,10395,12810,10500,7980,12285,8715,7035,12390,12810,6825,11760,10710,9135,7140,11340,11550,7875,7770,8085,12285,10185,8820,12285,11340,10395,11025,11445,6825,9135,11235,11130,7770,7560,8715,7770,7980,12390,9345,12390,8085,8820,9030,8610,8085,10395,10500,12075,7035,11235,11550,11550,11445,10815,11445,12810,11340,9030,8505,9030,12390,7140,8925,12810,7560,11130,11340,12705,12705,9240,7560,12705,7035,9135,8400,10290,12390,7560,8085,10710,11025,11970,7455,8505,7560,9450,11235,7140,6930,7875,12600,7980,8400,10920,11130,11340,8610,9135,9240,12810,7875,10710,9135,8820,7245,7140,8190,11235,8820,6825,10605,7140,12285,7875,10920,8925,11130,11550,11550,10605,8190,9240,9030,7875,7770,12390,10500,7980,12495,10605,12285,11025,7980,12285,11445,8400,7455,11340,7770,7455,11865,9030,8820,11445,7350,11970,11130,11970,12075,9345,10710,10395,7245,7665,8190,9450,7665,11760,10710,8715,10605,7875,12390,12180,10710,12705,7980,7035,6825,10920,12390,7245,12600,7140,7245,11130,12810,11025,11970,9450,11655,10920,9240,11970,12390,7560,6825,10920,7770,9135,8505,11340,9450,7035,9030,11235,8400,12705,9030,11235,8400,12705,9030,11235,8400,12705,9030,11235,8400,12705,9030,11235,8400,12705,9030,11235,8400,12495,6405,6405})), function(x) if (#x ~= 8) then return TWyKztohGzfYp(BshKyRdJzyMrCuYVGLhISBSJZq({9450,7455,11025,9345,12285,12600,12810,7245,8400,8505,11760,8295,9135,7560,7035,11340,7140,8505,10605,10500,10605,11130,10290,7770,12390,7350,12390,10605,7035,8190,11235,10710,11025,11445,9240,8085,12810,12390,6930,8085,8610,10605,7770,12180,7140,8925,11970,12390,7245,9030,10710,12285,11445,7875,11865,7665,8190,12285,12075,7980,8610,12810,8610,10185,12390,11025,12705,12495,12180,7350,6825,11655,9240,7665,11865,7560,8190,8715,8715,11550,10710,11025,11865,10920,7245,7665,9030,7875,8295,9450,11865,12705,7560,12705,8610,11340,11340,7035,7980,10185,10815,11445,12600,7875,7770,6825,9240,10500,12180,8295,6930,8820,7245,12285,8505,10290,11655,7455,8295,8505,12810,9030,8295,12285,12600,11445,9345,10395,10290,8400,11235,11235,10395,10710,12390,7350,10395,10815,11970,10500,7245,8400,8295,8925,6930,10185,7035,11445,8820,8820,9030,7560,12705,12390,8295,11760,9240,9135,12075,7980,8295,7980,7875,7980,12180,12600,11340,9030,12390,8400,12075,8715,7770,10395,7140,7455,11865,7035,9240,7875,12705,10605,9135,8085,9240,11655,10290,9240,8820,11235,9030,12180,7035,11550,9030,11130,8190,10500,12495,12285})) end local c=0 for i=1,8 do c=c+(x:sub(i,i)==TWyKztohGzfYp(BshKyRdJzyMrCuYVGLhISBSJZq({10185,12390,8820,6930,11445,10920,12180,8820,8400,11025,9030,10185,7035,9345,7350,12810,10500,12705,10920,10185,7980,7350,7560,10710,12705,11025,8190,10710,8925,11760,10920,10500,11235,6930,10395,7875,7560,11970,8190,8820,12390,12705,9135,11970,7455,8505,11655,7875,7350,8925,10710,9030,10290,7245,11655,9345,9030,11865,11760,10710,9450,7770,12075,8610,8400,12600,7140,12180,10920,8505,11235,7245,10815,10920,11340,8085,7770,8295,12600,11760,9450,12705,7140,10500,8610,10710,8610,8190,9450,10920,7980,12705,7665,7665,8925,11550,9240,7665,7350,8190,12810,10710,12810,7665,7455,12075,12180,8085,11550,7560,7770,11865,12705,12810,12390,8925,11970,8400,9030,11130,9135,11970,10605,9450,10605,7035,10395,10815,10815,7980,7140,11865,7140,11025,6825,9240,12285,7140,12810,12705,12810,7875,11445,12705,11340,11865,8715,7875,11130,10920,11760,8505,10500,10500,7140,11340,8610,11550,11025,7875,10395,11655,9345,7875,7980,11025,7140,12180,11445,6825,9030,10395,6825,7665,12705,10290,12180,10815,10500,12810,8190,7665,10185,7560,10185,7665,12495,10710,9135,12600,8820,7455,7665,11025,12810,11235,11760,11025,8085,12495,8085,8505,6405,6405})) and 2^(8-i) or 0) end return string.char(c) end)) end


 


local ReplicatedStorage = game:GetService(YebfgtDhogGmpskiNbZfe(TWyKztohGzfYp(BshKyRdJzyMrCuYVGLhISBSJZq({9240,11340,10185,9240,10815,12495,11865,10290,12285,6825,10290,12285,7140,11550,11970,7140,9450,7350,11445,7560,8085,11340,11760,7245,10500,12285,7875,9345,12705,7455,8715,11760,8505,8610,11970,12075,9030,12705,7875,11970,11340,10185,7140,8610,11025,7245,9135,6825,8295,11235,12285,11025,12495,12390,9450,12600,7035,8820,12180,11130,10920,6825,10815,10290,11760,6930,12810,11970,11130,7350,8085,7980,11445,11025,12285,9030,9240,7560,8190,12495,9030,10500,11760,8610,9345,7455,9030,6825,10500,10185,6930,9240,11760,10395,11445,11550,8925,7770,7455,8085,12180,7035,7875,9345,7035,8400,7875,9345,7665,9345,7875,12495,11655,8505,12075,8820,6930,9450,10290,10500,7140,12075,12075,6825,12390,7455,12705,9450,12285,12180,10290,7560,8820,9135,10290,12390,11130,7035,8820,9450,11340,9345,7665,10815,11865,11130,9345,10500,10815,11025,11970,11865,12180,11970,8820,10710,12495,10185,9030,12495,12495,7665,11865,7245,10185,11760,9135,9135,8505,8925,8925,12390,10815,11445,7140,11655,8505,7035,8925,10185,12285,7875,8820,10290,11550,6930,11550,7980,10185,7140,10395,8400,8400,9030,11760,9345,10185,9345,12705,11760,8505,5250,7350,5565,10605,11550,11760,12600,10290,5355,9450,11655,10500,
